dataset_number/I:crossSection[nb]/D:kFactor/D:genFiltEff/D
312004  1.0786E-06  1.0  9.3528E-01  
312008  1.5195E-05  1.0  8.6813E-01  
312017  4.3009E-04  1.0  6.0564E-01  
312022  1.0783E-06  1.0  9.4249E-01  
312028  1.5216E-05  1.0  8.9052E-01  
312031  4.3017E-04  1.0  6.7869E-01  
312039  1.0779E-06  1.0  9.4363E-01  
312046  1.5183E-05  1.0  8.6615E-01  
312052  4.2997E-04  1.0  5.7309E-01  
312060  1.0775E-06  1.0  9.6897E-01  
312066  1.5188E-05  1.0  9.0867E-01  
312067  4.3001E-04  1.0  6.3178E-01  
312075  1.0773E-06  1.0  9.4790E-01  
312080  1.5184E-05  1.0  9.0574E-01  
312090  4.3026E-04  1.0  7.2834E-01  
361024  2.5463E+02  1.0  5.3137E-04  
